----------------------------------------------
| 1,032.0 | 1,186.0 | 1,340.0 | 1,435.0 | 1,301.0 |
----------------------------------------------
| 1,143.0 | 1,143.0 | 1,193.0 | 1,224.0 | 1,313.0 |
----------------------------------------------
|  942.0 |  938.0 |  966.0 |  982.0 | 1,129.0 |
----------------------------------------------
|  746.0 |  835.0 |  912.0 |  949.0 | 1,028.0 |
----------------------------------------------
|  723.0 |  948.0 | 1,130.0 | 1,244.0 | 1,211.0 |
----------------------------------------------
|  673.0 |  890.0 | 1,100.0 | 1,133.0 | 1,024.0 |
----------------------------------------------
